0.001648
0.001686
0.001772
0.001871
0.001106
0.000091
0.000035
0.000092
0.001211
0.001872
0.001772
0.001686
0.000032
0.001648
0.001648
0.001686
0.001772
0.001871
0.001106
0.000091
0.000035
0.000092
0.001211
0.001872
0.001772
0.001686
0.000032
0.001648
0.001648
0.001686
0.001772
0.001871
0.001106
0.000091
0.000035
0.000092
0.001211
0.001872
0.001772
0.001686
0.000032
0.001648
0.001648
0.001686
0.001772
0.001871
0.001106
0.000091
0.000035
0.000092
0.001211
0.001872
0.001772
0.001686
0.000032
0.001648
0.001648
0.001686
0.001772
0.001871
0.001106
0.000091
0.000035
0.000092
0.001211
0.001872
0.001772
0.001686
0.000032
0.001648
0.001648
0.001686
0.001772
0.001871
0.001106
0.000091
0.000035
0.000092
0.001211
0.001872
0.001772
0.001686
0.000032
0.001648
0.001648
0.001686
0.001772
0.001871
0.001106
0.000091
0.000035
0.000092
0.001211
0.001872
0.001772
0.001686
0.000032
0.001648
0.001648
0.001686
0.001772
0.001871
0.001106
0.000091
0.000035
0.000092
0.001211
0.001872
0.001772
0.001686
0.000032
0.001648
0.001648
0.001686
0.001772
0.001871
0.001106
0.000091
0.000035
0.000092
0.001211
0.001872
0.001772
0.001686
0.000032
0.001648
0.001648
0.001686
0.001772
0.001871
0.001106
0.000091
0.000035
0.000092
0.001211
0.001872
0.001772
0.001686
0.000032
0.001648
