-0.000004
0.000002
0.000016
0.000032
-0.000037
-0.000071
-0.000061
-0.000010
0.000013
-0.000029
-0.000019
-0.000010
-0.000030
-0.000005
-0.000004
0.000002
0.000016
0.000032
-0.000037
-0.000071
-0.000061
-0.000010
0.000013
-0.000029
-0.000019
-0.000010
-0.000030
-0.000005
-0.000004
0.000002
0.000016
0.000032
-0.000037
-0.000071
-0.000061
-0.000010
0.000013
-0.000029
-0.000019
-0.000010
-0.000030
-0.000005
-0.000004
0.000002
0.000016
0.000032
-0.000037
-0.000071
-0.000061
-0.000010
0.000013
-0.000029
-0.000019
-0.000010
-0.000030
-0.000005
-0.000004
0.000002
0.000016
0.000032
-0.000037
-0.000071
-0.000061
-0.000010
0.000013
-0.000029
-0.000019
-0.000010
-0.000030
-0.000005
-0.000004
0.000002
0.000016
0.000032
-0.000037
-0.000071
-0.000061
-0.000010
0.000013
-0.000029
-0.000019
-0.000010
-0.000030
-0.000005
-0.000004
0.000002
0.000016
0.000032
-0.000037
-0.000071
-0.000061
-0.000010
0.000013
-0.000029
-0.000019
-0.000010
-0.000030
-0.000005
-0.000004
0.000002
0.000016
0.000032
-0.000037
-0.000071
-0.000061
-0.000010
0.000013
-0.000029
-0.000019
-0.000010
-0.000030
-0.000005
-0.000004
0.000002
0.000016
0.000032
-0.000037
-0.000071
-0.000061
-0.000010
0.000013
-0.000029
-0.000019
-0.000010
-0.000030
-0.000005
-0.000004
0.000002
0.000016
0.000032
-0.000037
-0.000071
-0.000061
-0.000010
0.000013
-0.000029
-0.000019
-0.000010
-0.000030
-0.000005
